Model,Time,Top speed,Damage
g10m0,1.29051,24.8654,807
g10m1,1.37851,30.6963,62
g10m10,1.76319,23.3602,200
g10m11,181.002,36.7842,2132
g10m12,0,23.5448,5285
g10m13,211.892,36.7537,198
g10m14,0.0200373,25.0516,265
g10m15,202.345,35.9497,230
g10m16,0,23.4072,318
g10m17,250.063,35.9274,1723
g10m18,0.0510269,22.1855,329
g10m19,3.85971,25.704,2080
g10m2,262.96,25.744,398
g10m20,0.0490702,20.9445,24
g10m21,0,36.7859,366
g10m22,0.917768,35.6076,235
g10m23,15.9523,36.7542,2091
g10m24,14.2904,23.362,820
g10m25,226.97,36.7748,1311
g10m26,190.682,36.767,779
g10m27,0,36.5798,247
g10m28,11.604,23.2048,1269
g10m29,194.238,35.5533,22
g10m3,175.975,36.7861,738
g10m30,0.030285,22.6535,49
g10m31,0,36.7493,824
g10m32,0.00782929,36.0266,245
g10m33,2.09063,36.5059,4353
g10m34,0,23.6931,1855
g10m4,0.057908,36.7496,917
g10m5,0,28.5278,2305
g10m6,0.100174,22.3998,12
g10m7,0.0676893,23.3196,233
g10m8,1.22526,23.6477,509
g10m9,0.237546,23.3383,23
g7m33,175.153,36.7525,963
g8m26,174.076,36.7072,434
g8m32,181.071,36.7561,0
g8m4,185.445,36.7169,74
g9m0,1.00408,19.4578,328
g9m18,0,12.6403,93
g9m2,247.734,35.6056,265
g9m20,1.04818,36.7935,1998
g9m23,230.327,30.9882,1455
g9m24,0.270986,23.598,25
g9m28,194.721,35.7715,143
g9m3,0.115072,36.7608,1681
g9m33,251.472,23.3758,0
g9m5,0,23.3501,798
g9m7,0.0201028,23.4512,241
