Model,Time,Top speed,Damage
g0m0,226.004,36.7622,1161
g0m14,249.81,35.7389,0
g0m15,251.37,24.1122,2246
g0m2,251.406,24.4482,521
g0m37,279.35,23.3642,498
g0m39,251.752,24.259,496
g1m10,257.89,23.3039,128
g1m16,0,21.2243,122
g1m2,0,19.2972,208
g1m20,223.081,31.1252,523
g1m23,0,21.1001,1139
g1m24,276.143,23.3402,6
g1m28,249.744,24.8768,357
g1m4,255.858,23.4443,575
g1m8,250.418,24.8705,44
g2m0,0,27.1789,397
g2m1,0.922019,22.1815,580
g2m10,12.7168,33.9585,754
g2m11,0,23.352,1739
g2m12,251.59,25.4827,1070
g2m13,0,17.2197,1235
g2m14,0,24.0846,290
g2m15,0.660559,23.3613,196
g2m16,0,29.1242,0
g2m17,254.888,28.6504,0
g2m18,258.994,33.0313,6
g2m19,0.188933,23.2561,649
g2m2,15.2032,23.3589,537
g2m20,275.256,23.3498,965
g2m21,16.8393,23.5153,1097
g2m22,0,36.7385,0
g2m23,255.5,23.3455,0
g2m24,0,23.3607,512
g2m25,0.0059837,23.3753,878
g2m26,253.288,23.4166,276
g2m27,0,36.766,1163
g2m28,1.37369,23.3538,9
g2m29,11.0012,29.1405,849
g2m3,0.299117,36.7576,1226
g2m30,254.236,23.6674,44
g2m31,268.782,36.6313,1170
g2m32,262.615,31.5314,1631
g2m33,259.868,23.3546,1260
g2m34,251.796,23.3782,619
g2m4,251.95,36.4756,565
g2m5,0.268974,25.0646,77
g2m6,251.108,24.4333,715
g2m7,0.3233,30.9196,49
g2m8,0,22.9918,267
g2m9,268.332,34.7975,0
