Model,Time,Top speed,Damage
g10m10,1.76319,23.3602,200
g10m11,181.002,36.7842,2132
g10m18,0.0510269,22.1855,329
g10m2,262.96,25.744,398
g10m25,226.97,36.7748,1311
g10m26,190.682,36.767,779
g10m3,175.975,36.7861,738
g11m1,181.297,36.7471,776
g11m25,180.953,36.7579,298
g11m26,0.888513,33.4046,1542
g11m34,207.432,36.4642,290
g11m5,186.982,36.7541,986
g12m0,252.69,23.7479,41
g12m1,1.79525,36.749,4434
g12m10,254.872,24.2587,0
g12m11,0.0601283,34.3359,1045
g12m12,1.12836,36.297,3576
g12m13,199.649,36.7473,794
g12m14,1.17572,34.9287,102
g12m15,9.05602,24.639,256
g12m16,0.00317778,36.1625,133
g12m17,185.025,36.758,181
g12m18,1.39801,36.5551,2948
g12m19,9.87252,33.3169,252
g12m2,0.00167813,36.3214,2753
g12m20,11.1375,29.1777,646
g12m21,266.756,23.1758,0
g12m22,1.54658,36.5727,756
g12m23,15.221,34.4021,53
g12m24,0.0447737,27.8618,53
g12m25,1.54606,36.7561,1019
g12m26,12.8077,34.6415,56
g12m27,0,34.6259,2189
g12m28,211.403,36.8501,814
g12m29,250.5,23.4098,0
g12m3,270.446,33.2243,546
g12m30,0.801807,36.5185,119
g12m31,1.80721,25.9676,217
g12m32,0,21.0465,349
g12m33,0.313241,36.5818,2688
g12m34,0.0591839,34.9369,861
g12m4,0.218094,27.595,147
g12m5,0.0265188,35.8999,145
g12m6,200.816,36.1928,102
g12m7,0.231665,28.7466,1161
g12m8,0.335545,23.3481,11
g12m9,0.047191,22.9926,31
g7m33,175.153,36.7525,963
g8m26,174.076,36.7072,434
g9m28,194.721,35.7715,143
