Model,Time,Top speed,Damage
g1m20,223.081,31.1252,523
g4m22,0.28521,23.3796,17
g4m29,182.172,36.7936,329
g6m25,181.475,36.7543,923
g6m30,183.268,36.762,0
g7m11,248.94,36.6595,985
g7m14,253.412,24.026,0
g7m17,2.14598,36.2292,3943
g7m22,249.776,24.9738,224
g7m25,254.462,23.3315,278
g7m33,175.153,36.7525,963
g7m34,188.442,36.3637,43
g7m4,0,24.2378,833
g7m7,0,36.7665,82
g7m8,1.29507,36.7601,407
g8m0,0.25451,23.0878,37
g8m1,250.612,25.0722,2
g8m10,253.232,23.6099,416
g8m11,15.6447,23.3334,6
g8m12,251.31,24.1786,639
g8m13,254.352,24.4524,1115
g8m14,0,20.1918,720
g8m15,0,25.4707,426
g8m16,0,22.8948,1190
g8m17,199.763,36.419,536
g8m18,1.12815,25.335,556
g8m19,0,13.0659,13
g8m2,0.324718,36.4683,543
g8m20,261.306,36.6799,448
g8m21,231.927,35.5518,144
g8m22,10.4367,36.7496,784
g8m23,197.702,36.7009,204
g8m24,200.701,36.6563,119
g8m25,0.991736,25.2671,1546
g8m26,174.076,36.7072,434
g8m27,0,23.3204,1368
g8m28,10.2023,23.7589,2535
g8m29,0,36.8209,24
g8m3,0.21142,36.3328,1201
g8m30,273.096,25.8193,649
g8m31,0.031998,24.2711,427
g8m32,181.071,36.7561,0
g8m33,0.269829,36.2194,12
g8m34,187.749,36.7547,1725
g8m4,185.445,36.7169,74
g8m5,0,23.3381,11
g8m6,0.00800114,35.6316,2125
g8m7,0,16.7298,2
g8m8,0,23.928,4294
g8m9,13.7528,29.2338,440
