Model,Time,Top speed,Damage
g0m0,226.004,36.7622,1161
g0m14,249.81,35.7389,0
g1m20,223.081,31.1252,523
g1m28,249.744,24.8768,357
g2m14,0,24.0846,290
g4m0,0,24.2437,1845
g4m10,0,14.4871,184
g4m20,271.623,25.2398,607
g4m22,0.28521,23.3796,17
g4m24,0,21.3244,306
g4m29,182.172,36.7936,329
g4m31,0.91947,29.4807,1233
g4m6,253.98,23.3528,678
g4m7,254.462,23.3565,0
g4m8,198.046,36.6976,533
g5m0,0.0508038,35.076,1331
g5m1,7.5793,28.1771,628
g5m10,228.816,36.7589,82
g5m11,13.9208,25.4689,1258
g5m12,252.596,23.5074,505
g5m13,0.245815,29.303,1341
g5m14,0,36.7787,1818
g5m15,1.31525,23.3856,243
g5m16,1.06623,35.2354,2694
g5m17,268.062,23.3429,0
g5m18,0.10036,32.0425,970
g5m19,0.0226053,25.4368,130
g5m2,0.0701226,36.5671,163
g5m20,222.225,35.3563,567
g5m21,0.112177,22.497,1909
g5m22,258.4,25.5056,1
g5m23,15.7517,24.8557,1117
g5m24,253.834,26.5595,930
g5m25,9.75323,28.7779,573
g5m26,252.188,23.4847,632
g5m27,271.452,23.4109,200
g5m28,0,36.6035,209
g5m29,255.52,23.3296,0
g5m3,1.38003,23.4363,280
g5m30,0,11.3871,225
g5m31,249.672,25.0095,0
g5m32,254.406,23.4452,3
g5m33,0.273458,23.9474,457
g5m34,0,12.7256,189
g5m4,257.312,23.3657,0
g5m5,0.327441,36.3122,608
g5m6,0,30.2999,2544
g5m7,6.68318,28.4854,387
g5m8,0.500811,35.5246,4522
g5m9,0,25.5075,543
