Model,Time,Top speed,Damage
g13m31,174.485,36.7618,4500
g14m12,170.161,36.6928,1008
g14m16,168.804,36.7782,39
g14m8,199.383,36.7543,1957
g15m10,167.816,36.7901,1071
g15m12,0.3305,30.5487,197
g15m20,0.071503,36.7734,902
g15m29,210.183,36.1914,122
g16m1,180.753,36.8515,129
g16m14,165.755,36.773,10
g16m24,238.377,35.8812,331
g16m27,0.82687,36.7058,132
g16m5,1.48032,36.7252,287
g16m7,0.0493962,35.7975,292
g16m8,172.086,36.8443,0
g17m0,1.73629,36.546,260
g17m1,0.328916,23.3323,393
g17m10,203.766,36.7761,1169
g17m11,10.6573,23.3713,5990
g17m12,167.254,36.7842,158
g17m13,11.8589,29.0737,1067
g17m14,194.063,36.7477,21
g17m15,0.318231,35.7925,1766
g17m16,0.319581,23.3634,17
g17m17,183.896,36.7536,275
g17m18,214.197,35.5135,373
g17m19,12.9033,36.6832,195
g17m2,193.743,36.6753,61
g17m20,0.305019,27.1034,3000
g17m21,167.156,36.7677,562
g17m22,0.318671,23.4284,8
g17m23,0.00565703,23.4093,411
g17m24,0.139888,36.7632,1224
g17m25,0,25.8242,2488
g17m26,1.30451,36.6909,402
g17m27,0.326095,35.8421,579
g17m28,0.0476955,36.4144,77
g17m29,236.492,36.4819,637
g17m3,0,28.952,384
g17m30,0.335087,33.9011,576
g17m31,0,23.3404,43
g17m32,182.398,36.6292,63
g17m33,175.413,36.7008,730
g17m34,243.126,32.3696,100
g17m4,202.684,36.7702,361
g17m5,269.957,36.5908,35
g17m6,0.326901,35.0509,1222
g17m7,0,11.2036,278
g17m8,1.35743,24.0346,1115
g17m9,219.629,35.9125,123
