Model,Time,Top speed,Damage
g0m0,252.284,24.2389,2310
g0m1,8.75563,23.4296,1246
g0m10,251.596,24.5342,1217
g0m11,251.85,24.6685,986
g0m12,251.098,24.7488,1026
g0m13,12.8476,23.3741,1287
g0m14,250.152,24.8686,590
g0m15,4.08386,23.3971,1095
g0m16,251.528,24.975,238
g0m17,251.556,24.8044,1020
g0m18,251.472,23.5341,0
g0m19,6.16553,23.4125,579
g0m2,251.858,24.7312,1229
g0m20,251.264,24.7073,612
g0m21,251.538,24.8451,796
g0m22,266.516,23.3712,2409
g0m23,253.058,23.3773,575
g0m24,11.348,23.397,837
g0m25,251.134,24.8518,684
g0m26,251.248,25.0214,21
g0m27,251.39,24.4038,964
g0m28,267.741,23.3712,706
g0m29,14.8511,23.5587,1905
g0m3,251.488,23.3685,2015
g0m30,251.46,24.731,1385
g0m31,3.19256,23.6954,837
g0m32,251.238,24.8101,948
g0m33,250.228,24.9103,466
g0m34,251.864,24.3455,1479
g0m35,251.872,24.7282,992
g0m36,259.25,23.5023,1399
g0m37,251.328,24.5952,1609
g0m38,10.6858,23.3676,1247
g0m39,250.52,25.0105,177
g0m4,261.339,23.8759,1673
g0m40,251.678,24.7549,1091
g0m41,251.914,23.7936,1073
g0m42,10.9819,23.36,1611
g0m43,13.3175,24.5768,1693
g0m44,250.328,25.0084,170
g0m45,251.156,24.6393,1763
g0m46,251.764,23.3758,884
g0m47,252.19,23.3968,689
g0m48,251.534,24.954,403
g0m5,252.234,23.3988,2295
g0m6,251.054,24.6646,1476
g0m7,252.036,24.6597,1460
g0m8,251.394,24.6799,1294
g0m9,251.976,24.2005,736
init,251.364,24.6548,1477
