Model,Time,Top speed,Damage
g0m0,226.004,36.7622,1161
g1m20,223.081,31.1252,523
g4m0,0,24.2437,1845
g4m22,0.28521,23.3796,17
g4m29,182.172,36.7936,329
g4m31,0.91947,29.4807,1233
g6m1,9.56677,34.1617,543
g6m10,253.694,27.1155,2210
g6m12,8.62983,35.8411,2720
g6m13,0,23.0833,242
g6m14,1.18732,34.6053,1275
g6m25,181.475,36.7543,923
g6m29,257.23,36.7648,2301
g6m30,183.268,36.762,0
g6m5,263.046,23.9348,11
g7m0,252.839,36.7427,632
g7m1,8.04142,36.0358,405
g7m10,0.29334,32.5106,289
g7m11,248.94,36.6595,985
g7m12,0.042146,25.742,576
g7m13,11.0125,32.5899,1178
g7m14,253.412,24.026,0
g7m15,251.794,23.3908,802
g7m16,0.0496099,36.6493,2821
g7m17,2.14598,36.2292,3943
g7m18,0.0308624,35.1376,2759
g7m19,0,21.1337,730
g7m2,10.8939,23.3469,447
g7m20,281.318,34.6195,2056
g7m21,14.3084,36.5802,750
g7m22,249.776,24.9738,224
g7m23,256.404,23.2467,1103
g7m24,0,18.1293,72
g7m25,254.462,23.3315,278
g7m26,0,36.7586,1023
g7m27,0.258094,23.335,25
g7m28,1.72595,36.4377,2316
g7m29,202.28,36.7448,798
g7m3,0.580053,33.0407,479
g7m30,0,21.7439,1013
g7m31,0.00685412,35.9072,2374
g7m32,250.896,24.9233,514
g7m33,175.153,36.7525,963
g7m34,188.442,36.3637,43
g7m4,0,24.2378,833
g7m5,0.351831,36.5933,147
g7m6,0,23.3572,1205
g7m7,0,36.7665,82
g7m8,1.29507,36.7601,407
g7m9,0,18.7464,279
