Model,Time,Top speed,Damage
g0m10,251.596,24.5342,1217
g0m12,251.098,24.7488,1026
g0m14,250.152,24.8686,590
g0m19,6.16553,23.4125,579
g0m21,251.538,24.8451,796
g0m24,11.348,23.397,835
g0m25,251.134,24.8518,684
g0m29,14.782,23.481,1708
g0m33,250.228,24.9103,466
g0m37,251.328,24.5952,1609
g0m39,250.52,25.0105,177
g0m44,250.328,25.0084,170
g0m5,252.234,23.3988,2295
g0m6,251.054,24.6646,1476
g0m8,251.394,24.6799,1294
g1m0,251.964,23.3617,1276
g1m1,251.428,24.8335,868
g1m10,250.492,24.4153,0
g1m11,250.912,24.6599,1559
g1m12,250.796,24.877,596
g1m13,253.64,24.5465,2058
g1m14,252.31,23.444,1863
g1m15,250.27,24.8926,598
g1m16,251.532,24.723,1299
g1m17,250.26,24.9751,223
g1m18,250.548,23.3873,386
g1m19,250.286,24.9747,309
g1m2,271.729,27.049,1447
g1m20,251.514,24.387,881
g1m21,250.174,24.9427,246
g1m22,250.678,24.9827,125
g1m23,251.632,24.2479,1930
g1m24,250.778,23.4038,89
g1m25,252.38,23.8161,1534
g1m26,250.416,24.7214,416
g1m27,251.396,24.7184,1409
g1m28,250.474,24.9988,69
g1m29,249.708,24.9813,0
g1m3,251.23,23.3768,211
g1m30,250.802,24.8459,741
g1m31,251.68,24.738,938
g1m32,250.15,24.9233,364
g1m33,250.384,24.8811,497
g1m34,250.106,24.7829,1048
g1m4,250.21,27.8297,655
g1m5,251.678,24.5658,1871
g1m6,251.66,24.8412,792
g1m7,251.366,24.4342,2701
g1m8,250.238,24.9856,281
g1m9,251.09,24.6315,1661
