Model,Time,Top speed,Damage
g0m0,226.004,36.7622,1161
g0m14,249.81,35.7389,0
g0m2,251.406,24.4482,521
g1m20,223.081,31.1252,523
g1m28,249.744,24.8768,357
g2m14,0,24.0846,290
g2m6,251.108,24.4333,715
g2m9,268.332,34.7975,0
g3m13,254.474,23.3625,182
g3m17,253.382,23.4944,54
g3m19,251.69,23.4584,359
g3m2,0,23.1839,220
g3m29,252.568,24.1562,568
g3m32,252.014,24.2223,621
g3m6,251.558,24.3965,559
g4m0,0,24.2437,1845
g4m1,10.9939,25.6814,1847
g4m10,0,14.4871,184
g4m11,0.25425,23.7302,626
g4m12,269.53,23.7165,1183
g4m13,0.036919,25.915,318
g4m14,6.33774,36.7272,3291
g4m15,0.341393,25.3424,736
g4m16,265.494,23.5129,194
g4m17,0,18.5532,355
g4m18,1.00434,23.4342,204
g4m19,268.496,23.3716,0
g4m2,3.62121,36.7723,1078
g4m20,271.623,25.2398,607
g4m21,253.148,24.1294,40
g4m22,0.28521,23.3796,17
g4m23,1.50066,24.8245,506
g4m24,0,21.3244,306
g4m25,4.22068,25.0059,2946
g4m26,258.963,24.0276,130
g4m27,15.552,32.2217,1622
g4m28,0.763463,27.228,490
g4m29,182.172,36.7936,329
g4m3,0,23.3079,1693
g4m30,0,36.1799,1460
g4m31,0.91947,29.4807,1233
g4m32,255.184,23.3209,409
g4m33,14.4265,32.6088,1021
g4m34,15.9784,36.7429,4133
g4m4,0.349741,30.6525,50
g4m5,300.546,23.3702,961
g4m6,253.98,23.3528,678
g4m7,254.462,23.3565,0
g4m8,198.046,36.6976,533
g4m9,0,10.9235,3452
