Model,Time,Top speed,Damage
g10m3,175.975,36.7861,738
g11m1,181.297,36.7471,776
g11m5,186.982,36.7541,986
g12m13,199.649,36.7473,794
g12m15,9.05602,24.639,256
g12m17,185.025,36.758,181
g12m6,200.816,36.1928,102
g13m12,188.6,36.6849,528
g13m21,190.123,36.6883,42
g13m22,0.21443,35.1216,340
g13m31,174.485,36.7618,4500
g13m4,178.081,36.7684,36
g13m5,0,18.9652,23
g14m0,0.00503212,28.0016,888
g14m1,239.268,36.6922,1784
g14m10,0.051797,28.4471,39
g14m11,1.84099,36.5377,380
g14m12,170.161,36.6928,1008
g14m13,0.0648607,27.4629,687
g14m14,197.652,36.7301,740
g14m15,1.40189,36.108,132
g14m16,168.804,36.7782,39
g14m17,13.6309,26.2192,20
g14m18,0,20.2154,10331
g14m19,257.606,23.3746,3
g14m2,196.288,36.7521,474
g14m20,0.142408,30.4853,2040
g14m21,0.20814,36.7558,30
g14m22,0,34.7055,325
g14m23,265.221,36.5118,4564
g14m24,235.582,36.576,599
g14m25,1.45753,21.9084,1710
g14m26,8.23535,35.9076,432
g14m27,248.82,36.5809,1591
g14m28,0,13.6657,128
g14m29,0.0346473,33.8059,73
g14m3,8.42737,36.026,24
g14m30,0.00819802,35.789,695
g14m31,16.5253,23.3656,1248
g14m32,0.0135208,36.1155,1113
g14m33,0,36.7784,1074
g14m34,0.0113683,28.1145,922
g14m4,173.777,36.7747,106
g14m5,2.02569,30.0712,514
g14m6,0,25.4742,177
g14m7,217.721,36.7587,432
g14m8,199.383,36.7543,1957
g14m9,0.311857,24.461,184
g7m33,175.153,36.7525,963
g8m26,174.076,36.7072,434
