Model,Time,Top speed,Damage
g0m0,226.004,36.7622,1161
g1m20,223.081,31.1252,523
g2m14,0,24.0846,290
g4m0,0,24.2437,1845
g4m22,0.28521,23.3796,17
g4m29,182.172,36.7936,329
g4m31,0.91947,29.4807,1233
g4m8,198.046,36.6976,533
g5m10,228.816,36.7589,82
g5m20,222.225,35.3563,567
g5m24,253.834,26.5595,930
g5m28,0,36.6035,209
g5m3,1.38003,23.4363,280
g5m31,249.672,25.0095,0
g5m34,0,12.7256,189
g6m0,0.0260766,22.3889,65
g6m1,9.56677,34.1617,543
g6m10,253.694,27.1155,2210
g6m11,10.8978,36.7555,737
g6m12,8.62983,35.8411,2720
g6m13,0,23.0833,242
g6m14,1.18732,34.6053,1275
g6m15,0.0745583,36.7581,358
g6m16,2.73646e-06,23.0198,758
g6m17,229.728,36.7603,838
g6m18,0.469147,33.083,1910
g6m19,0.0368987,34.4221,124
g6m2,0.0336823,33.5979,1066
g6m20,0.0587762,36.4367,90
g6m21,0.318199,23.189,14
g6m22,0.317267,35.962,10008
g6m23,0.35188,23.4106,351
g6m24,253.781,23.4355,1314
g6m25,181.475,36.7543,923
g6m26,0,22.886,2503
g6m27,12.6807,34.095,1620
g6m28,0.837539,32.8956,2970
g6m29,257.23,36.7648,2301
g6m3,0.288573,23.0741,19
g6m30,183.268,36.762,0
g6m31,1.23195,29.0834,2732
g6m32,0,18.1848,142
g6m33,252.696,23.4115,408
g6m34,253.156,23.8238,0
g6m4,0.0487535,23.5904,1232
g6m5,263.046,23.9348,11
g6m6,0,19.1987,134
g6m7,1.2733,26.8674,404
g6m8,0,23.1799,0
g6m9,0,22.1675,270
