Model,Time,Top speed,Damage
g10m3,175.975,36.7861,738
g11m1,181.297,36.7471,776
g11m5,186.982,36.7541,986
g13m31,174.485,36.7618,4500
g13m4,178.081,36.7684,36
g13m5,0,18.9652,23
g14m1,239.268,36.6922,1784
g14m10,0.051797,28.4471,39
g14m11,1.84099,36.5377,380
g14m12,170.161,36.6928,1008
g14m16,168.804,36.7782,39
g14m19,257.606,23.3746,3
g14m4,173.777,36.7747,106
g14m6,0,25.4742,177
g14m8,199.383,36.7543,1957
g15m0,0.0255917,35.3832,10
g15m1,0.0213545,36.5925,214
g15m10,167.816,36.7901,1071
g15m11,2.91759,36.4953,815
g15m12,0.3305,30.5487,197
g15m13,193.366,36.5922,48
g15m14,0.00714652,36.7543,2200
g15m15,0.154057,36.8217,1684
g15m16,4.30745e-06,23.5753,549
g15m17,189.915,36.5192,31
g15m18,0.766167,36.3253,552
g15m19,0.2892,31.293,89
g15m2,2.94267,37.262,1107
g15m20,0.071503,36.7734,902
g15m21,1.01114,32.6556,1563
g15m22,1.06073,36.4791,1125
g15m23,0,28.054,920
g15m24,266.263,23.3865,467
g15m25,168.192,36.7629,1527
g15m26,1.15724,35.3349,295
g15m27,0.323395,23.389,2026
g15m28,1.37252,35.3988,1800
g15m29,210.183,36.1914,122
g15m3,213.027,36.5576,88
g15m30,174.735,36.7474,155
g15m31,0.299729,35.5911,477
g15m32,1.30575,26.4172,1430
g15m33,0.233136,31.6913,1126
g15m34,0.0365924,36.7133,242
g15m4,209.345,36.7666,865
g15m5,9.17071,36.5463,705
g15m6,0.000330852,34.8172,5434
g15m7,0.197037,26.0714,300
g15m8,209.823,36.8487,317
g15m9,193.149,35.659,67
