Model,Time,Top speed,Damage
g13m31,174.485,36.7618,4500
g14m12,170.161,36.6928,1008
g15m12,0.3305,30.5487,197
g15m29,210.183,36.1914,122
g16m14,165.755,36.773,10
g16m24,238.377,35.8812,331
g16m27,0.82687,36.7058,132
g16m5,1.48032,36.7252,287
g17m12,167.254,36.7842,158
g17m17,183.896,36.7536,275
g17m21,167.156,36.7677,562
g17m22,0.318671,23.4284,8
g17m4,202.684,36.7702,361
g17m7,0,11.2036,278
g17m9,219.629,35.9125,123
g18m0,222.393,36.4753,342
g18m1,194.576,36.6215,46
g18m10,1.42383,36.8323,112
g18m11,190.936,36.7543,36
g18m12,0.0659489,27.6776,58
g18m13,197.453,36.6473,130
g18m14,0.324496,35.7728,1192
g18m15,0,20.7855,877
g18m16,252.236,23.397,0
g18m17,7.58072,36.7722,784
g18m18,2.36285,36.586,1814
g18m19,175.16,36.6083,1122
g18m2,0.282481,36.4507,574
g18m20,163.406,36.8066,114
g18m21,0,22.9797,600
g18m22,0.0275549,35.7701,362
g18m23,219.983,36.7552,329
g18m24,0,20.202,61
g18m25,0.297508,36.552,1492
g18m26,0.308405,36.1789,2610
g18m27,1.27609,35.7738,591
g18m28,0.0370324,36.5054,465
g18m29,0.0363204,36.7238,298
g18m3,168.216,36.765,2
g18m30,0,23.121,52
g18m31,201.88,35.8263,457
g18m32,6.49643,36.7902,99
g18m33,0.293084,33.6561,38
g18m34,13.9195,24.7095,166
g18m4,1.34524,33.4258,4151
g18m5,14.143,36.7348,31
g18m6,171.83,36.6395,49
g18m7,253.1,23.5725,1238
g18m8,165.302,36.7874,376
g18m9,0.169108,36.0168,1731
