Model,Time,Top speed,Damage
g0m0,226.004,36.7622,1161
g0m14,249.81,35.7389,0
g0m2,251.406,24.4482,521
g0m37,279.35,23.3642,498
g1m20,223.081,31.1252,523
g1m28,249.744,24.8768,357
g1m8,250.418,24.8705,44
g2m1,0.922019,22.1815,580
g2m14,0,24.0846,290
g2m17,254.888,28.6504,0
g2m28,1.37369,23.3538,9
g2m34,251.796,23.3782,619
g2m4,251.95,36.4756,565
g2m6,251.108,24.4333,715
g2m9,268.332,34.7975,0
g3m0,0.0756835,24.4293,191
g3m1,237.172,30.1582,1
g3m10,0.000126949,22.5011,24
g3m11,11.0904,30.1356,460
g3m12,253.444,23.3565,0
g3m13,254.474,23.3625,182
g3m14,12.8709,23.3878,758
g3m15,0,23.4004,3179
g3m16,0.139503,29.6074,618
g3m17,253.382,23.4944,54
g3m18,0,24.1583,804
g3m19,251.69,23.4584,359
g3m2,0,23.1839,220
g3m20,0,31.8244,20
g3m21,0.0391204,23.3643,190
g3m22,255.819,24.5328,0
g3m23,252.234,26.2261,733
g3m24,0,15.9868,1572
g3m25,1.26687,31.6171,537
g3m26,7.89621,26.0357,1034
g3m27,0,23.225,566
g3m28,0,22.9172,479
g3m29,252.568,24.1562,568
g3m3,0,22.8194,1115
g3m30,0,18.9128,253
g3m31,0,23.3442,525
g3m32,252.014,24.2223,621
g3m33,15.0617,25.1462,1814
g3m34,3.94941,23.3426,117
g3m4,0.221142,34.9023,216
g3m5,256.167,23.4865,428
g3m6,251.558,24.3965,559
g3m7,11.9843,32.2941,261
g3m8,0,21.645,194
g3m9,0.272557,30.8328,25
