Model,Time,Top speed,Damage
g11m1,181.297,36.7471,776
g11m5,186.982,36.7541,986
g13m31,174.485,36.7618,4500
g13m4,178.081,36.7684,36
g14m12,170.161,36.6928,1008
g14m16,168.804,36.7782,39
g14m19,257.606,23.3746,3
g14m8,199.383,36.7543,1957
g15m10,167.816,36.7901,1071
g15m12,0.3305,30.5487,197
g15m17,189.915,36.5192,31
g15m20,0.071503,36.7734,902
g15m25,168.192,36.7629,1527
g15m29,210.183,36.1914,122
g15m8,209.823,36.8487,317
g16m0,0,15.2278,134
g16m1,180.753,36.8515,129
g16m10,0,17.9349,2032
g16m11,262.52,36.4044,1054
g16m12,1.45211,36.7065,1000
g16m13,0,23.6673,47
g16m14,165.755,36.773,10
g16m15,249.269,36.6909,1692
g16m16,0.0184105,36.0194,1393
g16m17,0,24.365,1518
g16m18,234.928,35.4717,249
g16m19,173.279,36.834,16
g16m2,0.0787312,23.3614,368
g16m20,258.65,23.2666,2
g16m21,0,22.4079,47
g16m22,0.0468339,25.6501,335
g16m23,1.69373,34.8646,4
g16m24,238.377,35.8812,331
g16m25,0.209489,36.7397,76
g16m26,0.0885826,36.7534,2739
g16m27,0.82687,36.7058,132
g16m28,0,27.193,1367
g16m29,0.314954,35.6601,24
g16m3,0,27.4217,1001
g16m30,0.0534113,36.5036,39
g16m31,0.149505,36.0244,945
g16m32,12.6608,36.7702,47
g16m33,0.307758,34.2959,1046
g16m34,0.00302326,33.6242,2075
g16m4,1.78906,24.2949,86
g16m5,1.48032,36.7252,287
g16m6,196.226,35.7445,45
g16m7,0.0493962,35.7975,292
g16m8,172.086,36.8443,0
g16m9,0,13.5053,52
