Model,Time,Top speed,Damage
g10m11,181.002,36.7842,2132
g10m18,0.0510269,22.1855,329
g10m3,175.975,36.7861,738
g11m1,181.297,36.7471,776
g11m25,180.953,36.7579,298
g11m5,186.982,36.7541,986
g12m13,199.649,36.7473,794
g12m15,9.05602,24.639,256
g12m16,0.00317778,36.1625,133
g12m17,185.025,36.758,181
g12m25,1.54606,36.7561,1019
g12m6,200.816,36.1928,102
g13m0,269.975,26.8255,12
g13m1,0.256433,24.3618,366
g13m10,1.3312,35.6016,102
g13m11,0.21362,31.5166,94
g13m12,188.6,36.6849,528
g13m13,0,23.3311,30
g13m14,266.139,36.7447,928
g13m15,195.608,36.7549,2229
g13m16,13.0344,29.6482,135
g13m17,0.0208516,35.3407,46
g13m18,1.63408,35.2751,1020
g13m19,182.941,36.6965,141
g13m2,0.309104,36.5265,1163
g13m20,0.136481,24.1045,17
g13m21,190.123,36.6883,42
g13m22,0.21443,35.1216,340
g13m23,265.203,23.4265,24
g13m24,1.07504,36.7559,1039
g13m25,0,28.0381,1409
g13m26,253.266,36.7969,69
g13m27,212.365,35.7422,100
g13m28,253.926,23.4451,1027
g13m29,260.8,23.3102,0
g13m3,0.0276525,36.752,133
g13m30,228.851,36.7541,509
g13m31,174.485,36.7618,4500
g13m32,0,8.43865,46
g13m33,8.8811,36.7528,94
g13m34,181.418,36.753,81
g13m4,178.081,36.7684,36
g13m5,0,18.9652,23
g13m6,8.91017,36.0604,86
g13m7,0.0365503,36.6499,853
g13m8,198.313,36.6932,1484
g13m9,0.0282597,18.8879,134
g7m33,175.153,36.7525,963
g8m26,174.076,36.7072,434
g9m28,194.721,35.7715,143
