Model,Time,Top speed,Damage
g14m12,170.161,36.6928,1008
g16m14,165.755,36.773,10
g17m12,167.254,36.7842,158
g17m17,183.896,36.7536,275
g17m21,167.156,36.7677,562
g18m1,194.576,36.6215,46
g18m10,1.42383,36.8323,112
g18m11,190.936,36.7543,36
g18m15,0,20.7855,877
g18m18,2.36285,36.586,1814
g18m19,175.16,36.6083,1122
g18m20,163.406,36.8066,114
g18m3,168.216,36.765,2
g18m4,1.34524,33.4258,4151
g18m8,165.302,36.7874,376
g19m0,0,34.9265,88
g19m1,12.9622,36.6511,1222
g19m10,15.4381,23.3106,928
g19m11,12.4404,34.6945,1093
g19m12,177.464,36.8494,763
g19m13,0.0289042,36.4624,1274
g19m14,0.340261,25.1209,296
g19m15,0.197371,36.7167,2305
g19m16,0.0199835,36.7633,287
g19m17,183.243,36.6046,37
g19m18,0.0300518,36.7575,924
g19m19,0.0489284,22.7373,112
g19m2,0,21.9354,2199
g19m20,168.322,36.7732,5
g19m21,176.244,36.7567,1107
g19m22,0.122183,36.1431,3032
g19m23,0.0372509,30.6316,31
g19m24,0.0264459,36.595,220
g19m25,0.0242429,20.3951,12
g19m26,171.395,36.7014,289
g19m27,0.323909,35.9677,78
g19m28,0.390893,36.4473,1576
g19m29,3.02031,36.8384,1136
g19m3,0.00132119,36.1545,1019
g19m30,11.5026,36.302,1154
g19m31,0.017675,35.8477,1005
g19m32,194.866,36.7646,53
g19m33,0.277588,23.7926,155
g19m34,174.198,36.8312,539
g19m4,0,36.4113,204
g19m5,192.945,36.6459,35
g19m6,0.339644,23.6582,69
g19m7,0.0343106,34.5768,991
g19m8,0.0580357,23.8773,824
g19m9,1.37951,36.213,1008
