Model,Time,Top speed,Damage
g10m0,1.29051,24.8654,807
g10m10,1.76319,23.3602,200
g10m11,181.002,36.7842,2132
g10m14,0.0200373,25.0516,265
g10m17,250.063,35.9274,1723
g10m18,0.0510269,22.1855,329
g10m2,262.96,25.744,398
g10m22,0.917768,35.6076,235
g10m25,226.97,36.7748,1311
g10m26,190.682,36.767,779
g10m3,175.975,36.7861,738
g11m0,252.03,23.4177,0
g11m1,181.297,36.7471,776
g11m10,0.179136,32.5541,258
g11m11,0.261282,27.5231,6
g11m12,234.234,35.6653,0
g11m13,11.1011,36.5768,958
g11m14,264.633,29.6342,21
g11m15,256.149,23.3983,9
g11m16,0,26.0828,75
g11m17,12.7225,23.0832,17
g11m18,264.074,23.3172,511
g11m19,17.3319,36.7502,828
g11m2,0,36.4209,528
g11m20,0,36.8189,330
g11m21,254.156,23.395,0
g11m22,0,25.9965,189
g11m23,0.0380142,35.7459,2040
g11m24,1.72752,35.9797,1432
g11m25,180.953,36.7579,298
g11m26,0.888513,33.4046,1542
g11m27,0.0258601,35.4295,310
g11m28,0.0268414,35.2059,3731
g11m29,0,36.0727,1066
g11m3,0.3161,36.7579,4962
g11m30,0.223921,23.352,1804
g11m31,235.788,35.8513,7
g11m32,242.656,36.7516,11
g11m33,258.309,23.5356,419
g11m34,207.432,36.4642,290
g11m4,1.1392,36.753,1127
g11m5,186.982,36.7541,986
g11m6,2.09934,34.2022,433
g11m7,0.220413,36.5757,669
g11m8,3.87437,27.7177,1
g11m9,0.298659,36.5679,377
g7m33,175.153,36.7525,963
g8m26,174.076,36.7072,434
g8m4,185.445,36.7169,74
g9m28,194.721,35.7715,143
