Model,Time,Top speed,Damage
g6m25,181.475,36.7543,923
g6m30,183.268,36.762,0
g7m17,2.14598,36.2292,3943
g7m25,254.462,23.3315,278
g7m33,175.153,36.7525,963
g7m8,1.29507,36.7601,407
g8m11,15.6447,23.3334,6
g8m12,251.31,24.1786,639
g8m19,0,13.0659,13
g8m26,174.076,36.7072,434
g8m29,0,36.8209,24
g8m3,0.21142,36.3328,1201
g8m32,181.071,36.7561,0
g8m4,185.445,36.7169,74
g8m6,0.00800114,35.6316,2125
g9m0,1.00408,19.4578,328
g9m1,275.246,25.283,62
g9m10,275.223,23.3504,317
g9m11,0.007573,36.6937,1215
g9m12,279.962,33.8303,673
g9m13,0.858791,36.1352,1092
g9m14,1.11056,35.4847,79
g9m15,0.422041,36.6569,689
g9m16,19.7334,23.3759,463
g9m17,1.25374,23.2472,1336
g9m18,0,12.6403,93
g9m19,0,33.7101,563
g9m2,247.734,35.6056,265
g9m20,1.04818,36.7935,1998
g9m21,274.136,23.3839,4
g9m22,0.0368643,23.7374,1356
g9m23,230.327,30.9882,1455
g9m24,0.270986,23.598,25
g9m25,251.066,24.6683,0
g9m26,1.19916,35.6887,1504
g9m27,0.398496,30.6606,196
g9m28,194.721,35.7715,143
g9m29,1.12064,31.2243,595
g9m3,0.115072,36.7608,1681
g9m30,0.0085736,24.3402,1300
g9m31,254.337,35.617,396
g9m32,0.949509,36.6922,3633
g9m33,251.472,23.3758,0
g9m34,0.063916,36.4041,217
g9m4,0.0226909,35.449,134
g9m5,0,23.3501,798
g9m6,265.918,24.038,382
g9m7,0.0201028,23.4512,241
g9m8,0.00717302,31.2658,1290
g9m9,0.0192943,32.9364,1930
